0 0.233680 0.484740 0.045016 0.185729
0 0.337305 0.498896 0.045016 0.100792
0 0.387422 0.502865 0.062000 0.097396
0 0.090570 0.560625 0.044172 0.201583
0 0.029406 0.547594 0.052656 0.234437
0 0.221367 0.584406 0.052672 0.210646
0 0.213297 0.876021 0.070500 0.234417
0 0.506336 0.615552 0.063703 0.229896
0 0.573859 0.590063 0.067938 0.176667
0 0.615484 0.738990 0.047562 0.225354
0 0.825703 0.728219 0.070500 0.154021
0 0.811688 0.319396 0.027187 0.151750
0 0.835047 0.301281 0.022937 0.147229
0 0.874656 0.306458 0.025062 0.151667
0 0.889828 0.728229 0.044156 0.244625
0 0.899594 0.651219 0.029719 0.074729
0 0.593398 0.944531 0.088328 0.104187
0 0.515250 0.960812 0.082812 0.078375
0 0.209906 0.242656 0.022125 0.074062
0 0.271102 0.196771 0.031453 0.118625
0 0.299367 0.193490 0.025078 0.117313
0 0.197008 0.162094 0.024172 0.098313
0 0.889602 0.356031 0.031266 0.176938
